0 0.6703125 0.22421875 0.0796875 0.32109375
0 0.54921875 0.22890625 0.08046875 0.32109375
0 0.61484375 0.3 0.10390625 0.29765625
0 0.76640625 0.3015625 0.09375 0.29296875
0 0.88984375 0.45859375 0.09375 0.32421875
0 0.48828125 0.55703125 0.0984375 0.28359375
0 0.7109375 0.58984375 0.125 0.29453125
0 0.371875 0.7078125 0.09453125 0.33828125
0 0.5703125 0.75703125 0.08125 0.20546875
0 0.48359375 0.79296875 0.084375 0.17421875
0 0.23046875 0.0984375 0.0703125 0.14921875
0 0.7953125 0.103125 0.0765625 0.20625
0 0.36953125 0.103125 0.11484375 0.20625